.   01 02 03 04 05 06 07 08 09 10 11 12 13 14 15 16 17 18 19 20 21 22 23 24 25 26 27 28 29 30 31 32 33 34 35 36 37 38 39 40 41 42 43 44 45 46 47 48 49 50 51 52 53 54 55 56 57 58 59 60 61 62 63 64 65 66 67 68 69 70 71 72 73 74 75 76 77 78 79 80 81 82 83 84 85 86 87 88 89 90 91 92 93 94 95 96 97 98 99  
.  +---------------------------------------------------------------------------------------------------------------------------------------------------------------------------------------------------------------------------------------------------------------------------------------------------------+
01 | 0  0  0  0  0  0  0  0  0  0  0  0  0  0  0  0  0  0  0  0  0  0  0  0  0  0  0  0  0  0  0  0  0  0  0  0  0  0  0  0  0  0  0  0  0  0  0  0  0  0  0  0  0  0  0  0  0  0  0  0  0  0  0  0  0  0  0  0  0  0  0  0  0  0  0  0  0  0  0  0  0  0  0  0  0  0  0  0  0  0  0  0  0  0  0  0  0  0  0 |
02 | 0  1  4  36  1  12  24  1  12  1  12  2  8  1  1  1  180  1  24  418  1  36  1  132  6  1  8  1  1  30  1  2  1  24  2  1  4  2  165  11  1  66  1  4  4  1800  8  2  600  1  38  38  57  2  1  2  72  1  4  1287  12  6  12  1  110  4  24  1064  1  1  6  2  110  22  1  1  99  1  72  1  2340  11  1  1  1  1  330  4  80  8  1  18  2  10  1  1  1  20  0 |
03 | 0  12  1  12  8  1  4  1  4  360  2  8  540  1  40  80  6  4  12  1  4200  2  2  6  2  100  1  32  12  1  8  2  16  2  2  1  1  6  2  2  28  50184  4  4  240  2  2  3024  20  4  63  4  4  882  1  8  6  4  4  12  1  4  756  20020  20  1  8  2  1260  126  2  2  1  8  1  1  12  800  5040  8  20  2  8  4  320  80  1  200  2  252  1  4  2  8  2  32  1  20  0 |
04 | 0  1  4  24  1  1  2  1  312  1  156  1  2  6  1  2  240  1  2808  52  26  117  3  16  117  1275  1  510  1  78  117  117  39  1  7140  78  1  24  78  1  8  1  1  2  2  374  48  1  16  1  1  3  2  1  459  39  117  3  10080  52  1  8  8  2275  918  1  4  6  156  1  78  2856  52  714  153  102  1  2  15  624  1700  2  1344  78  1  1  432  8  1  2  2  1  60  1  168  12  12  1  0 |
05 | 0  1  1  6  16  1  2  12  1  4  1  1  864  1  4  1  6912  8  2  432  2  1  1  1  4  1  6  4  1  1  2  12  52  1  2312  952  3  144  1  24  1  48  4  8  1  1020  1  4  48  1  4  1632  36  1  8  2720  3  1008  1  16  1  1  1904  1  1  792  2  1  648  1  1  1  1152  8  1  4  12  10  240  16  4  2448  1  1  8  128  1  4  2  224  1  32  1  1  2  192  16  1  0 |
06 | 0  9  4  1  8  4  1890  35  1  84  2  2  189  2  42  12  5  1  20250  2  2  1  140  1125  14  14  1  1  2  450  225  1  1  105  1  28  5  14  14  1  1  6  48510  35  84  1  16  1  2  5  1320  66  2  42  7  7  1  42  14  2  2970  1  4  2  1  330  320  420  90  1  4  1  4  70  540  1  600  1  1260  28  1  1  3  4  1680  1  168  105  3  1  525  1  60  3  28  4  1  30  0 |
07 | 0  1  2  18  1  1  1  4  1  36  1  24  4  48048  672  1  2  12  2  1  1  3528  1  2  1  1  120  2520  1  4  75600  504  4  1  16  1  2  1008  1  1  1  2  1  1  4704  56  2184  1  1400  1  2  6  2  10  1  1  54  3528  1  1  1  1  5  6552  1  1064  1  2  6  64  1  11664  2  1  2  1  30  1  10  1  4  2  1  42  64  1  1  30  1  56  10  1  1  36  7  1  144  102  0 |
08 | 0  189  210  735  1  2  270  1  40  1  2  1  360  1  6  24  6  1  9180  1  1  153  1  1  97440  6  2  1  3808  5  1  1  11368  119  1  1  210  1  595  1  6  135  1  1  1  12  5278  1020  10  35  2  285243  609  1421  68  6  1  45  544  3132  4  1  8  1  16  2  4  1  8  1  6468  1  1  18  408  40  2  1  180  4  18  9  7168  6  1  1  240  6  1  1  1  75  2  1  588  24  8  1  0 |
09 | 0  2  1  21  72  7  18  2  1  4  40  2  18  1  2  12  1  2  6  32  8  27  1  4  1  1  140400  260  6480  1800  2  312  1  2  2  1  1  1  1  1  6  30  6  35280  2  104  4  1  6  1664  3  40749  2  1  1056  520  2  2  1  8  780  8  6  1  1040  1  4  1  1  20  1  4  3328  875  1  4  4  8  5  48  4  1  1  1  2  1  12  70  1  2  1  2  1  1  1  1  1  340  0 |
10 | 0  1  4  6  1  5  270  1  2  1  40  3  2  9  2  1  1  4  1  10  2  6  1  2  1  69300  2  40  1  440  1  1  462  1  1  1  2772  3  141588  1584  1  5236  10  5  29808  1  1144  17388  880  1  10  3128  4  5670  11  1  1  2  2640  66  2  2  880  429  2  1  4  11880  4  1  30  1  4  462  1  4  14256  3024  60  20  1  1  1540  60  1  200  2  2  3780  21  3  4  80  1  112  1  16  1  0 |
11 | 0  1  600  1  12  3  1  30  9  3  3  3  1  15  3  1  1260  3  12  108  3  1  45  180  3  1  20280  6  936  3  36  936  546  3120  6  30  72  3  130  208  3  6  3  12  12  6  209300  312  4200  2800  3  48  702  3  3  6  3  6  144  6  96  37800  6  17500  3060  24  6  45  6240  6  468  3  192  5250  9  1  1  60  15  24  3  36  3  3  24  3  30  7700  3  168  1  6  9  9  21  1  224  1  0 |
12 | 0  1001  1  294  1  2002  16  1  1  6930  1  1  2079  70  280  1  588  1  840  1  8  36  2  1  32640  14  510  2  2  1  1  255  2  1  210  1  28  35  119  7  3  1  2856  1  56  2  884  84  70  14  1  28  63  1666  14  21  1  12  1  154462  14  7  204  91  306  26136  24  8  2  4  1  1680  4  952  1  1  1  2176  1  4  18  1  12320  1  1  168  168  2  32  14  1  8  11220  10  28  32  1  30  0 |
13 | 0  2  1  1  1  325  1  1  27648  1  6144  1  1  3  20  3  1  2  2  100  8000  68544  192  30  1  2688  128  320  256  48  30  1  10  128  2304  896  64  1  32  127296  1152  45  8568  1  1  3  832  60  2  10  448  1  576  5  32  5  1  79560  10  20  2  2448  10  5  96  1584  70  20  60  40  10  5  2  896  75  40  1  50  10  4608  1440  512  70  32400  2  2  1  2  300  70  3  1  1  1  420  1  1  1  0 |
14 | 0  54  1  1  540  1  216  9  1  36  1  42  8  12012  48  1248  42432  2  2  4  12376  9  1  432  48  1190  6  4  1  1  8925  18  178464  612  6  24  1  84  3  3  24752  1  2730  2  1  90  1  2  1  12  1  23868  51  3  170  22308  4056  507  272  102  14820  3  2  1  1  24  576  5712  1  6  1  1  90  714  108  2  8  2176  4199  12  1  6  1792  1  1  3  1  2  1008  1  1248  18  408  910  21  216  24  2  0 |
15 | 0  1  480  6  2  36  1  2  2016  6  2  1  1  770  1  224  30  588  6  280  1  84  101640  21  6  14  136500  2730  36  12  63  540  1  14  47600  14  2  1  18  6  35  24  1400  1  600  1  112  1008  3600  420  14  1275  12  1750  7  550  45  195  14  2  1250  1  180  273  1  24  2  900  4  1260  28  69300  1470  1  17136  24  60  105  1  1  3  56  1  4860  2352  84  36  6  48  2  1  1  816  5  1  2  1  30  0 |
16 | 0  4  100  8  1  2  1  8  6  1  1920  1  72  1  4  4  3  4  216  2  4  132  12584  3  1  1  15990  338  21  24  1  312  364  94710  697  1  1  702  3  1  59040  192  574  140  5904  8  678960  12  2  23985  1  1  2  112  1  2  1  1  81000  2  4  36  2  2  6  2  8  3  2  96  4  1  4  5250  1  2  288  1  24  4  480  1  224  8  1  1  1  100  1  1  448  2  1  3  1  8775  8  20  0 |
17 | 0  325  2  2  72  7280  1792  1  4  2  448  1  32  4  336  2  80  1  1  24  1  105  56  42  84  162400  8  416  224  1  1  45  560  192  8  84  672  61248  408576  928  5  34272  203  3248  40320  13440  28  2304  10  224  60480  16  288  1218  21  5  84  105616  14  4  56  4  320  1  8  384  8  32  180  105792  4928  4  448  4  24  546  4  1  5472  2  8  1  2688  540  16  80  5040  1  294  784  1  4  612  4  224  12  1  10  0 |
18 | 0  39  1  8  2  1  135  2  12  1  2  12  11664  3  1  108  5  4  4  1  1  1  1  163438  1  2  36  360  1  40392  5610  1  1936  1  4  18  144  110  1  1  2112  24395  2  308  2  616  572  216  660  1  44  160650  2244  154  41055  1  396  2415  440  24  2  108  6  1404  113288  36  144  2376  924  66  66  1  12  57222  3  2  20196  5712  1  16  1080  340  1  1  3  4  1  1  84  1  1  12  1  1  2  4  256  10  0 |
19 | 0  18  3420  1440  2  1  54  6  1  4  1  92070  8  1  16200  1  1800  1  15120  40  1  1  3960  135  4  1  23400  25  80  2  12  2  140  9240  12  40  10  5  10  2  4  6  476280  280  4  10  20  1440  2400  480  12096  30  27216  2  1932  300  2  2829  10  4  360  2  4  2  40  10  4  70  1  405  2  1440  2  70  6  2  60  10  143640  7182  2  2  1  4  3360  2  48  12  16  28  6  50  1360  4  2880  24  1  340  0 |
20 | 0  9  1  4  216  3  1  1  1  25  36  1  119700  990  1  1440  1008  2  4  28728  1  1  27  756  108  1764  315  4  145236  1  108  20349  63  924  340442  1  252  42  1  6  1  7378  147  1  1512  1  4  324  420  1  1  1  12  1  1  173166  6  1  54  2  210  1  2  8  15624  11780  588  504  51300  1  1386  1  2  2  3  41895  756  672  760  36  2  1  1134  1  4  1  1620  20  378  189  256  1  1  1  2  4  48  1  0 |
21 | 0  1  4  2  4320  156  1  2700  324  42  1  12  27  51480  1  1  45  216  54  173280  42  90  3  3  3  9  3990  12  48  3078  9  6  63  1  1  3024  1  450660  684  288  54  24  1  52200  12  4640  351  5852  15  3  54  12  18  567  3  6090  1  988  3  378  60900  3  11400  4750  3248  6  36  45240  54  18  31920  1  96  12  1080  6  6  432  42  2  86400  9  1  2  1  12600  1  11160  21  21  14880  1  1  882  1  1  2400  10  0 |
22 | 0  6  684  6  1  1170  480  1  2  1  4  3  2  84  14280  192  30  1  108  48  2  6  1  144  1  12  48  279531  1  2  1  2312  748  12  136  1  48  6  24  48  470400  48  24  1575  2  1  4  816  170  1  13230  1  306  42  9660  187  72  1  816  2  4  18  2  390  9520  12  68  867  2  2  1  576  2975  476  85  2  544  2  1292  48  60  1  110880  10  1  2  288  2  252  7  1  6  72  350  1  1  3  1  0 |
23 | 0  528  1  2  1  52  16  2  1  12  6  1  10800  44  1  1  1  1  45  1  12096  6  2  1  10560  1  13260  4  2  497640  9  72  561  1  48  75240  6  2  72  1  12  9180  252  84  8  2  8  55440  998976  336  1  192  8640  9240  12  5  192192  442  48  2  2  3  16  124740  2  4  6  7  13500  12122  1  16  4  1  2  18  672  10  6  8  1  148104  352  1296  6  1  4  2728  1  28  2  1  1  84  1  6  24  10  0 |
24 | 0  27  60  30  324  3  1  1  18  69966  6  9  4  1  2  120  2  36  447120  936  1  2  9  3  1  4  42  240  1  650  620310  6  182  6  1  1  24  3  78  3  6  72  364  11310  208  1267875  507  756  3234  38318  23184  6  78  567  918  594  9  338  3  18  54  3  8505  169  12  208  6  38454  2  6  4788  24  41860  2  1  18  6  1  2964  12  780  3  1  12  1  6  39744  2  2  4  36  1  1530  1  600  60  240  1  0 |
25 | 0  1  2  6  1  1  24  28  1  4  36480  1  800  2  6  1152  9  4  360  2  138240  1632  1  1  4  2240  2  4  1080  57304  3  96  51984  480  6460  112  1  9576  4864  256  3648  272  1663200  1  60000  1  4  672  2  8330  1  3808  192  56  8  19152  48  208  15390  96  1280  63936  240  2  864  960  32  544  6  8  24  1  2  6  840  2  2  17920  152  4  1  528  2  51840  4  1  4  320  168  280  1  28224  1  1  1  4  1  180  0 |
26 | 0  4  152  2  1  2  12  56875  1  1  6  2  1625  1  1  228000  12000  9600  9  1  4  1  2  1  18  1  6480  1856  1  2  9  4352  176  1  19652  1  312  932400  1  39100  6  82800  2  448  2040  7200  338  448  2  182  7560  26100  1836  224  6256  1  3  1  2040  3  2  39  2  283500  117  7920  2  3  2  1  1760  1092  8  2  1  4  1560  5  28  4  40  1  84  4680  28  5  1728  1  1  12  100  1  1  294  1  780  40  5  0 |
27 | 0  1  38  128  1  6  108  1  12  180  1  1  27  13728  176904  684  1  2  2  2304  4  1  1  60  80  2  548912  522  32032  2  1620  306  4256  16016  2  1872  2  34188  2  16  1  2  10890  56  4  1  10296  7840  1680  1  16  2  2016  1  2  234234  6  61776  2  2  96  8  158730  13  2  1680  89856  3  384  2  792  101790  2  560  6  2  8  10  1520  16  1  22440  1  4  2304  84  1  2  24  17680  5  588  1  2  1  2  20  1  0 |
28 | 0  130  1  2  1  1  64800  1  4  1  1  6  32  2  2560  8  768  2  3584  4  4  6  80  419175  8640  2  4  86400  14  480  6  24  880  352  544  1616895  4  2  143370  256  106488  544  112  2  16  96  8  384  80  16  9000  16  4  5250  4  2  9750  6  16  8  4  2160  4  104  8  128  4  28600  6  12  2  1152  4  2  140616  896  4  4  168  15120  2688  2  2  2160  4  112  24  30  1  28  2  2  8  1  4  2340  8  306  0 |
29 | 0  9  1  42  10  2  600  1  4704  2  608  360  1  528  1  16  72  1152  2  32  8  12  1  1  80  1  1080  4  25872  1  780  12  1118208  1  2  507  3276  10920  1  2898  336  32  1260  1575  4  8  1014  12  312  84  1  4  376740  28  1  858  2184  966  1  192  195776  1  32  468  2  1560  4  442  1482  1482  8  13398  20580  2431  12  4914  61152  10  33600  2  80  2574  1  4  2  224  48720  1  4  1  4  10  15456  3920  35  6552  8  34  0 |
30 | 0  9  30  2  1  101500  1  8  1  1  1  1  8  1  1008  9600  1  960  420  82080  1400  44080  12760  2  657720  3640  4  5184  594  1800  300  2040  220  1004850  2  8  85260  1  720  1  640  680  98  70  8  2  253750  1134  70  280  28  20300  486  2  2720  8820  160  1  1600  2520  28  170520  3885  3780  34510  1620  84  480  6  120  3300  1  6370  98  1  420  2  3200  5  5586  140  1  224  8  672  182  1  40  40  28  1  2  6  1  1  2  128  17  0 |
31 | 0  2  608  2  1  1  32  7000  2  2  48  2  161280  176  960  1  8400  192  36  2  336  12  4  108  640  112  8400  406  11704  4  837000  24  56  4  2856  8  16  11760  4  1  384  32  28  20  31500  490  104  48  6080  56  2052  8  12  210600  4  4  12  3496  1425  12  560  1368  9990  104  72  1140  64  4  96  207060  4  128  16  1  3570  8  2  2  10260  16  41040  924  2464  432  16  39780  384  20  16  7  1  2940  1  224  14  468  4  1  0 |
32 | 0  2  114  2  1  1050  12  1  1  600  1  18  4608  1  24  24  3  27  27  1  449500  102  1056  108  3  1008  21750  348  27  979011  1023  9  528  3300  204  19140  216  3  3  6900  576  9  3375  15  12  3  24  72  6  12  3  3672  9000  3  816  3  36  39  6  840  12600  3  6  49896  27  6  12960  72  9  3  3  432  5040  12  23808  2  2  288  57  12  3  2772  3  108  12  3  36  63426  12  510  2  1  18  3  1  2106  2604  10  0 |
33 | 0  960  3  18  29696  4  1  24  1152  9360  2  8  4  312000  4050  384  192  12  2240  24  14500  12  1100  12  32  3  4350  20  2200  650  12  96  5700  83160  8  112  16  6272  12  4  14280  2125  28  20  5600  3500  208  48  8  6400  4  12150  450  700  206080  1575  2600  650  4  8  750  16  32  6804  2940  16  1050  28  384  9520  825  55296  56  3  2232  16  6  60  56  48  8  616  4  16  2  896  24  40  2  56  384  1764  2  8  56  468  8  1  0 |
34 | 0  2  1  315  1  910  2  6  7560  1  1  12555  54  3  540  55860  42  1  2  3456  1260  18  588060  4860  540  6  630  12  364  4680  3  1904  3  616  6  66990  3696  7  5760  224  144  153  3600  3  336  1800  2880  84  3600  131274  1620  810  11385  63  9  35  9  98  2520  117810  6  14  6  1400  81  6  24192  15  2660  1653  154  108  63  12  952  2  2  45  3192  720  210  28  126  2  1  9282  1  12  1323  1  16120  1  1020  3  21  1  64  1  0 |
35 | 0  36  2  42  36  2  216  2  2  12  3420  2  10368  2  972  2  36  4  672  5400  24360  153  66  2  2  378  7308  8  48  45  135  67830  198  36  9639  26390  6  12  3  288  3360  6  42  226304  840  420  9750  24  12584  21  9828  6  6  2  9  4410  1092  6  198016  9  2646  10920  12  2268  162  109616  4  84  6  1596  3  24  63  251600  1302  105  6552  10  4800  945  2  2  4  8  1440  2  2  8  2  32  104720  4  2  1  4  2  1512  85  0 |
36 | 0  2  160  864  2  1  4  2  20  2  2  4  6144  1440  432  16  144  18  4  4  12  6  264  12  115920  896  16  208  14  5980  30  6  250880  2  4  4  1152  2  576  14812  256  6  2070  2  384  2  12250  30625  460  14  2  1632  192  28  2  20  106470  28  320  224  4  2760  38850  400  7140  460  672  14  48  6  2  2  33810  14  10  7056  2288  128  608  4  200  4  112  14400  8  16  6  16  1  816  62  1  8  18  28  48  240  8330  0 |
37 | 0  288  38808  21  2552  117  54  1  2772  120  2  18  2  2  9  1  1  18  513216  12  792  1  4  81  3780  2  2088  8  594  594  11160  684  21  528  12  2736  1026  99456  3  39744  176  72  6  3  12  4320  143  504  360  77  22  22  3888  52416  6  110  1404  2484  540  9  1512  11  330  6  6  17856  231  1496  9  13056  41472  6  1260  77  55  149040  12  4224  18  24  20520  23256  924  528  12  126  16  6820  88200  4  4  2  4  1  4680  1  80  5  0 |
38 | 0  13  1  4  116  1  288  1  2  1  24  1  36  396  12852  2584  10  2  84  72  41760  47064  1  6  4  1  831168  6144  2640  14256  3  3  42  1  115440  7  2  1  1224  8  6912  4896  720  21  30000  480  221  12  5  4992  1296  578  864  5616  2760  5  3  1656  1  2  6  1  6480  32400  1344  204  2  18720  12  3  1  1  35  5202  15624  9936  4  5  28  240  10  1  17248  2  4  1  1  1  1  238  1  210  68  1  14  585  4  1  0 |
39 | 0  432  180  1  1508  3  3  162  18  900  5928  18  486  3  1  7410  9  162  1092  6  90  18921  858  7  3570  546  390  377  1303400  442  27  27  1287  9  1445  646  28000  26  2720  3450  54  14950  91  91  52  9  36  108  45  34000  306  221  78  2600  221  9450  27  338  1530  54  52  16800  18  1350  117  18  5355  221  16320  27  7  8874  14  4352  351120  273  312  52326  42  520  260  18  173280  36  1248  6630  3480  1  144  12  768  3  12  1  1  1  32  1  0 |
40 | 0  9  114  1  1  9  8  675  1  20  190  1  18  1  4  1  456144  1  30  4  3944  3  5508  6  8  1088100  150  2176  8  1  3  36  7  1  6  2584  2  1  2  8  1  11408  510  7  4  2  6528  714  15  7  480  2  47058  7  1  10  3  7  26040  36270  2  180  2  26  2  17298  357  7  105300  3  18  540  8  340  5  2  16  640  12  2  2  1  12768  54  12  1020  290  2480  4  22464  1  1  1  1540  60  1  2  544  0 |
41 | 0  2  20  480  72  182  96  1  1344  1  1  286440  4  1  360  64  12  4  23520  12  2  6  1  72  1  26100  3132  4  72  20  3  3  42  32032  4  4  4  35728  2  16  3024  34  1950  2340  8  2  32625  24  1008  14  2  4  4002  1508  1794  462  672  58464  390  6  4368  2  4212  1050  4368  2  8  2142  12  2  69888  24  7280  1600  10  28  3  1344  1900  8  80  2  1  108  2  1  1  248  1  14  1  6  510  1  1  36  1  340  0 |
42 | 0  3608  1  64  1  52  1  4  135792  4  2  1  1200  8100  8  192  5  13824  2  384  2  4104  2  3  1620  1  2  1566  7  20  232500  12  14  2  10400  28  486  1  4  5175  144  16  14  900  432  4  1080  48  108  1755  288  8  6  14  1725  945  1950  14  450  6  180  2  2  52  54  8  172800  24  12  60  2  36000  41000  14  5040  2  4680  32  6  53505  1  3  1  2  143500  8  1044  2  4410  1  3920  80  1  2  8856  1  1176  34  0 |
43 | 0  2  40  1  8  9625  1750  225  210  231336  1  180  11424  110  20  7752  180  15  2  2  840  75684  1  866502  20  280  1530  4  1768  25  15  15  20349  748  289  663  10  1  10  33856  1360  40  1020  119  20  1190  65  3570  2040  10  2448  10  408  35  10  30912  136  35  10  1071  10  5  41699  130  1904  6417  2  5  6210  1938  30  2208  20  13616  289  70  108108  25  8160  4  7752  1  5376  4  40  210  1  2  105  14  1  1  680  5775  108  8  1  1  0 |
44 | 0  6  912  4  1  1050  1  2  1  240  2  108  2  4  1  8  38528  18  2  55986  84  18  1  760  12250  84  90  156  7  60  1800  3  2128  924  170  210105  12  18  6  48  1120  12696  42  140  5040  6  78  588  280  84  504  3780  18  420  6  220  18  39744  12  140  200  6  12  11340  54  2  48  2040  190  190  1  144  2  84  18  2  16302  5  6  144  60  168  504  324  24  221364  580  90  408  3456  10  1  2  700  7  4  8  1  0 |
45 | 0  144  1  192  1  1  1  240  72  5832  1  1  108  1  8505  64  48  2  144  12  2  4788  957352  1794  1  56  9936  26  3  15939  6  2448  14  2  4  42  4  9408  1344  644  144  6348  420  630  280  43700  351  392  280  546  252  60030  6  4784  966  99  6  26  16100  6  4  1215  3024  18630  784  2852  567  74888  6  12  2  96  4  5376  3  2268  7722  576  76  8  1  21280  28  4  1  2288  1  2  102  1  4200  60  68  28  432  546  1  306  0 |
46 | 0  6  200  1  1  12  4  4  26496  2  4  4  180  10800  320  80  24768  20  4  30  20  2  2112  2394  10080  5  10  624  11088  468  480  15  5  5  6120  684  2394  108780  5  828  288  40  810  270  64  720  23625  252  80  288  16  3045  48  112  16  80  48  9072  180  3672  10  6048  270  65  10  10  10  25  11340  15  3420  972  448  2  2754  112  20  10  1001700  20  2592  1938  70  1080  8  2  180  2  175  70  25  5  5  350  80  2  1  15  0 |
47 | 0  2  1  4  24  780  2  1  3312  80  2  1  1600  1350  80  444360  48  480  672  8  5670  17472  88  36  973728  112  540  16  72  6930  12  24  4  35280  8  3654  81  99  8  144  49980  476  63  24192  4725  63  1050  126  20  1092  21168  153  216  1176  306  8820  12  644  3528  63  8  8  12432  756  784  560  16  20  513  36  48384  4  32  16  24  20160  4  256  8320  16  2  48  448  4  7290  8008  783  8  4410  84  1120  2  4  12  28  8775  3  10  0 |
48 | 0  2  1  189  189  3  1440  135  3  13608  1  12  81  6  3  9660  18  9  6  12  1260  532  3  216  3  5488  13398  12  1232  252  5208  108  1232  3  1904  266  6  3  1208400  112  192  476  21  1050  168  98  10400  588  840  112  504  24  36  294  238  154  560  21  280  36  20580  672  24  156  108  24  8820  63  144  6  616  48  17640  3  952  6  1512  192  532  6  12  2772  42  296758  12  1144  3  4774  3  12  3  3  15  3  21  36  2160  1  0 |
49 | 0  18  1  1  1152  130  2  4  10304  2  67200  2  5376  4  504000  2  24  288  17920  240  4  12  4928  798  80  2  32  234  18  1512  195300  6  24960  2  4  5220  8  5040  240  1035  480  16  108900  10  3000  98  720  210  36960  112  2  7830  2160  98  2  308  6  3450  11760  6  630  2  8880  26  504  336  22680  10  24  35496  2  32  4  2  6  168  10920  4050  266  6090  3420  1710  28  672  14700  442  60  124  16  28  2  12  18  504  2  32  1  1360  0 |
50 | 0  120  1  8  27  1  8  6  1  468  1  1  8  1  5  8  5  1  252  2  56  3  2  3  1  2  2  4  48  33930  3  7410  7  68310  4784  7  2  495  1  18515  2346  765  7  6624  180  105  3450  8050  90  120  1  1620  3  7  5175  165  75348  195  450  1020  2  35420  2  2430  2  1800  315  14  12  855  2  2160  7350  6  12  2  64350  16  2700  2  2  12  1  2  4116  1  30  5  1  14  558  252  1  1  42  1  16  5  0 |
51 | 0  2  10752  1  36  5880  1  4  12  4  8  14  16  1408  2880  53820  3  4752  18  768  4  816  2  33696  3640  2  990  16  499968  4092  1612  187  1976  2  4030  988  4  2184  198  1196  12  374  56  1560  1040  2600  624  154  40  4056  528  16  264  91884  598  40  24  104  440  61380  220  1248  1404  104  144  396  16  2244  64800  4  144  18096  910  4800  561  4  16  10  608  8  1  1  224  1440  4  32  1  48763  1920  1  4  441  2  8  7  32  4  204  0 |
52 | 0  104  1  64  864  52  6750  4  8  4  1  12  108  3850  4  14490  72  12  840  8  16  12  16  4  8  55440  8  16  1386  144  64170  12  798  352  136  35  20  4  288  3381  672  714  168  630  20  5  312  2352  1260  64  128  10  128018  598  483  176  3588  1449  630  15  48668  504  5106  4347  2940  8  20  60  608  5985  37835  4  32  408  12  1680  10296  384  2400  504  150  32  4  16  96  168  3600  1984  28  4096  4  25704  4  1  2268  585  1  2  0 |
53 | 0  6  80  768  4872  210  1  3300  144  2  4  2  288  44  2  16  1944  5712  18  116622  630  12  166496  12  240  42  4  194480  91  2  210  18  14  72  476  182  378  24640  3300  1518  12  16  147  10  4400  26400  91  3300  42  1144  1980  357  42  21  2024  2772  9  39  210  15840  506  3  6  26  54  4  11088  4576  1320  6  154  77440  490  21  25410  4  16  134316  12  16  2016  2  2  12  432  4760  1218  10  8  28  144  2  86112  1  28  1  3696  34  0 |
54 | 0  52  1  8  54  2  2  4  21600  2  2  12  18  220  6  36450  12  2  60588  4  4  306  38786  684  2  57564  4698  26  2376  2106  6  6  2  2  6885  59450  4104  567  3690  16  12  2754  84  28  1620  2  26  504  72  96  72324  204  72  14  2  30135  6  2484  16800  84  4  2  1080  600  18  4  756  14  24  12  12312  2  5460  2  20  28  1728  10  152  4  2  48  17424  4  2592  8  12  2046  28  2  4  2  8  4200  1  32  2  680  0 |
55 | 0  1  80  96  2  1  24  350  1  1  288  1  4  66  16  4  117648  4  56  48  10  1  26488  2052  18816  1  30  4  3  18480  3  96768  330  8400  170  2  180  1596  90  8  33320  8  140  7  4  1  13  700  5  7  1  53592  60  1596  42504  110  4368  9072  285  3360  2  7840  2  4536  9  960  2  7  18  3  550  13824  665  14  2356  630  2  20  1710  2  24624  4  14  2  1080  680  48  5  136  3456  155  3  2  42  324  1  8  1  0 |
56 | 0  3010  1  4  486  1  1  1  3  1  288  23250  875  2  24  480  9632  720  2408  120  2  9120  1  380  12  560  391248  1344  260  25  9  510  51072  3  6  210  10  3  13680  240  448  340  35  2520  560  210  3360  60  2240  241604  1596  378  15  11856  5  1176  9  130  300  952  6  8288  1512  250  360  5040  6  5  90  2  1  1080  2  17920  3  8064  24  5  285  4  2  36  1  8  1  44720  45  30  4  1152  5  1  1  168  540  1  240  34  0 |
57 | 0  52  80  24864  8  1  1500  200  1  1  12  43648  100  4  1  192  12096  8  36  8  8  1520  75768  152  6888  1296  32  1152  1188  4  480  408  28  4  5508  39237  8  8  4  6624  13940  68  28  20  384  56  104  7056  20  468  4  26158  96  2132  828  20  12  624  16800  12  640  72  120  52  144  2520  24  20  48  6840  8  4  64  28  5580  8  32  768  56  4200  384  36176  8  96  16  1  1  1  1  168  1  12600  272  840  28  2340  4  1  0 |
58 | 0  39  30  1  12  2  4  525  9  1248  96  3  225  396  2  41040  15  6  4  8640  187920  2  972  1458  29520  3  6  12  72  6  20088  306  1368  24300  6  1740  6  2268  324  13800  288  612  42  504  216  22500  864  252  1440  234  3  972  1944  6240  414  396  9  3726  270  16200  1890  3  540  9720  6  24180  1512  180  36  35496  1368  72  63  1836  9  24  288  15  18  4  9  7106  126  756  36  2  72  30  252  21  72  2  6  1050  14  234  410  10  0 |
59 | 0  288  3  12  1  1248  24  1  2  1170  3  10912  27  3  12960  608  15  2304  1920  6  12  3648  3  9936  3  8  2160  40  21  3  300  9  56  3520  155584  8  40  4  4  32  1536  49588  7260  20  16  336  208  16500  4840  2244  864  10  192  28  4  528  512  28  11088  660  10  4  8  6  16  6  16  91168  9  608  4  3712  2240  1536  18  6  120  50400  1216  672  7296  3  84  19800  3  18  540  1  24  21  1  12  816  56  3564  117  8  1  0 |
60 | 0  9  40  144  4  26  450  2  216  2  64  1  4  2  6048  4  72  938808  624  4  56  1824  44  336375  640  1  2  117  7  24750  6200  4000  3200  352  816  2  2  24500  1  8  48  1088  7  28  48125  1250  208  224  5  2  768  544  3  10400  1  352  9360  416  4  3  2  6  2400  26  2  18600  7425  12  12  2  1  2  105300  1  11760  2944  1728  5  6  8  1  110  12672  360  1  1  2  4  1  42  1  1  1449  1  14  117  1  1020  0 |
61 | 0  26  10  2  1  65  9  525  1  2  48  248  4  2  8694  1748  5  14858  2  2  15  68  1  20102  1  2  10005  25024  2024  5  2139  736  253  506  2  2  70840  1  1  1656  6  8  966  483  4  322  63250  12  552  1794  9660  391  3  14  3  5  920  7  5520  782  42320  1  2  13  2  4  2  5  27968  6  1  2  2  8  11270  2  15048  5  6  12  80  1  1  54  1  140  30  2  16  1  6  6  161  1  2  342  1  1  0 |
62 | 0  1  20  42  1  2  1  175  168  36288  1  1  8  352  1  1776  24  384  30  192  2  2368  44  11178  1  216000  15  4  3  15  3  6  1  2  6  2  3762  756  1  128  2592  918  810  207360  8  3000  4  4500  1980  64  648  2  2592  112  3312  5  3  4968  25200  306  1380  2592  2  13  90  2  3780  23310  152  7888  3  48  4  1  9  2  3  5  48600  6786  1998  2516  28  2  1  1  672  8  24  84  32  12600  1  84  243  1  160  10  0 |
63 | 0  1  40  14256  6380  1  32  1650  2  7128  2  4  1485  4  4400  1  132  4  4  4  4  2  6  1782  6  616  170352  8  352  330  660  4  4  6776  44  33930  4  1092  2  352  1248  6  24024  55  44  1560  5200  650  520  176  11  18096  6578  1092  9568  55  10816  286  88  9360  4  2  30888  3510  49140  2418  546  1872  6  988  2  2  396  108000  6  4  1056  5376  12  16  330  2  308  4  440  4  1  1  1400  14  10  2  1  1  42  2  1  357  0 |
64 | 0  27  10  2  1  4  4  7  1  2520  6  3  2  6  3240  1  1  1152  896  2  2  144  1408  1  1  42000  840  2448  312  1  3  6  1  1  96  16  64  26880  48  1  96  11040  792  720  32  960  104  112  48  3744  8  1296  5520  56  16  15120  624  15120  160  24  320  144  3240  104  144  2  23328  56  96  24  1  2  96  5376  408  188370  2  10  912  2  320  2  224  4  2  21760  12  640  4  1  11160  2940  1  4  42  3  8  15  0 |
65 | 0  1  240  4  8  12240  750  1  12  1  1  18414  1050  198  2  24  108  6  27  8  16  27  87318  1  9996  3  6  234  21  120  9  9  3168  2  17850  798  6  198  9072  216  192  23575  6  630  12  126  3024  588  54  42  864  153  18  3528  966  3  1092  9  12  27000  90  3  24  18900  1700  12  378  15  30240  798  18  7308  3570  672  32640  189  2  2  7200  360  1296  198  42  2  2160  84  18  21483  12  1836  14688  30  1104  1190  180  1  240  5  0 |
66 | 0  12  40  42  432  26  8  1  432  4  6460  62  18  74100  1  64  8100  12  4  5760  50  272  14256  760  200  2  8  53460  14  2160  11160  19200  5760  4  4  12  7296  2  4  48  71280  170  140  1080  16  15000  8  4500  1440  13860  2  2592  864  70  2  2  6  1040  2  2856  30360  2  2592  4  180  4  4  1530  108000  3828  48  2  4  2  24  8832  900  480  28  4  60  22  28  360  4  5280  12  620  8  5760  2  1  4  2  70  40  280  1584  0 |
67 | 0  3  1  6  1  65  1  6  4200  1  32  9  4  2  1800  400  5  1  8  2  58320  1  2  1  1440  210  2  1566  702  220864  6324  15  2176  1  8  2622  10  14280  736  40  6  8  16320  5440  1512  5  10200  12  50  1  2304  2  14076  644  10  75  30  7  28560  2  20  1  20  26  2  28644  20  5  3  1368  1  240  4  2448  50  2  37752  5  5  16  3456  2720  1  2  1  16  2  2  4  28  1  3150  1  1  1620  1  8  51  0 |
68 | 0  637  4522  560  252  1  1  1  20  280  672  7  70680  1  56  28  2400  1  4  84  116000  1  704  42  7  2800  13920  1240  15  14  5  53816  868  480  10  1140  180  110  7  128  7  17388  49  1736  3200  140  2100  168  80  112  8  5400  360  56  2760  40  3120  260  7  2040  200  5760  14  624  540  120  630  98  84  570  34200  272025  10  3720  510  2480  180  35  196  13224  5  56  2016  20  20  1  336  1  40  5580  1  294  306  1  56  1  1  1  0 |
69 | 0  4  1  12  2  2  72  4  2  2  2  15840  4  1188  2  576  10  162  72  182400  4  2  6  972  2  252  135  117  6  2  61200  27  760  108  8  1140  108  13328  216  2  216  72  4  1800  8  2400  480  24  2400  288  9  82824  6  126  9  45  54  13800  72  680  4  2  4860  2  36  27720  4  648  162  2  4  1296  144  4  21600  252  216  576  912  2755  2  2  7128  12  864  4  22272  990  378  306  960  2  2  4  28  1  8  204  0 |
70 | 0  1  40  2  1  1  12  1  72  1620  12  1  162  30160  960  1  3480  9  270  1152  12  12  1  1  9600  560  240  12  2340  47502  1  1360  112  356004  1700  798  180  3  62930  8556  18  24  6  3  12  12  10850  768  840  6  6048  4495  756  21  14973  160  2184  21  6  22475  1764  24304  2  832  1080  6  24  4  24360  96  6  1080  2  84  1020  2  24  768  29000  399  9  2  1  4320  1  72  1  4  4  7  1  18  6  15  14  2  2080  1  0 |
71 | 0  39  10  1008  7168  4  108  7  1  350  1  4  4  8  1  16  5  168  9  28  33600  3  1056  2  1040  1  10080  1092  3  14  1170  24  1  1  42  297920  1  14  351  3496  1  1326  364  2400  84  364  104  38000  40  2600  1  4256  24  21736  1  5880  23712  338  14  1020  2  5180  1080  91  2  4  192  4  6  72  3432  15120  56  2  42  448  2340  5  494  8512  320  352  1  4  24  4  4704  2  1  1  1  2205  306  1  56  20  4  10  0 |
72 | 0  2  20  2  648  1  2016  1  9240  90  20  486  90  792  1  8  150  1  23760  1  1  270  5  1  216  13300  2  90  3  18  1  82460  10  3080  10  1  384912  2916  5  176  1  144  13125  77  176  5  6720  266  10  5  54  1292  33  3430  22  108864  15  494  14580  10  72  2916  22  13230  6426  66  3192  75  216  4332  9  72  2  20  3230  10  2  2  5  1100  12960  121  462  2  1  3  1056  2  5780  189  192  5  1  2  84  1  2  1  0 |
73 | 0  1680  250  4  270  2  6000  10  1  2  1  1  810  1  49140  320  90  1  90  60  50  4165  88088  6292  600  5  2  40  2340  1  60  45  2640  4840  20  780  10  330  10  59202  2464  7590  35  420  900  210  65  1  100  960  5  11440  270  1  4554  25  2288  15  660  210  10  1584  1144  18876  2  20  22464  5720  855  15  660  1  80  1  6  30  30888  7644  190  2  1  15  1  60  45864  490  75  100  4  70  1  10  1  2  5616  8  12  20  0 |
74 | 0  13  1  42  1  1  12  1155  2  33750  4  36  9  4  1500  1  1440  3  60  2  2520  3  660  1  1  3  2700  4  184184  2300  3  2  6555  1  497250  1  4  726  45  2645  1  510  2070  1035  2760  1  1144  1  10  2  240  1870  3  55575  529  150  8775  14  1  462  27968  1  60  1650  396  11500  2  1150  6  1672  242  1  8  1  1  11550  4950  336  5  1200  1  1  2  1  840  1  1  1  56  1  2  3  2  1  1  364  4  5  0 |
75 | 0  1  120  6  24  1560  3168  3168  162  6  6  1  9240  1  6  288  18  2  90  71136  15  9  3  36  3  30  6  12  18  550  9  6  3  24  6  24  61560  3  22  88  352  4420  182  77  823680  11232  6240  4896  780  154  4160  6  13500  21  1380  3  9  3  3600  33  6  4320  6  1248  234  6  6  30  54  39672  3  18  6  11900  18  12  6  704  36  24  2  6  3  24  60  6  7128  12  1020  42  144  120  2  18  360  3  400  1  0 |
76 | 0  69  10  1  4  1  45  1  7392  1  2  2  4  7260  8  4  3  87584  15  736  2  1  6  1188  1  200100  16  4  1  2304  1  13224  154  1  2  2496  2755  1  1  1  704  7395  77  1740  580  11  1334  1  6960  1  6264  2  495144  812  1  220  768  6  2175  2  4  2001  44  1  198  4640  1008  544  6  1  21280  1440  8  2  12  6  8  2  84  8  13248  3  1  16560  8  1  759  2  340  4  1  2  20  1  14  1  1  1  0 |
77 | 0  1  2  18  1  2  3  1260  2  8  1  648  8  2002  24  16  3  1  4  60  4  24  18  18  1  1  4095  12  84  1  432  18  21120  4  72  1  8  1  48  133848  1  6864  280  49  2  12  24  672  90090  640  6  8  3432  2  12012  30  3  17424  495  420  15048  1  24  8  1440  14  16128  84  36  8  63  84  4  196  175  12  24  2  27360  2394  1  1  3  48  1  672  90  1  16  1  4  600  20592  840  1  2  1  544  0 |
78 | 0  26  50  28  1  390  1  1  3  320  2  1  12  2730  1  2  1  16  2  4  3920  850  39270  1  4  6  64  4550  91728  612  6  1  2  20475  2  10374  2  1  14976  80  1  2  210  1190  408  357  442  1  50400  3549  544  80  6  4368  10  2244  12  1  120  2  5586  1  4  1  16  4  4  3  2  54  1  1  2  910  50  4  8  2  5814  357  1  1320  9072  2  16  1  2  75  2040  1377  3  1  2  1  56  16  840  204  0 |
79 | 0  26  20  14  108  130  128  4  3840  2  1  8  288  2  96  16  40  12  8  16  4  2  6  2  2  66  2  16  48  2  2  2  2688  2  2  2  48  170940  2  4  2  2720  4  112  13860  2  16  576  480  2  792000  4  96  56  2  30100  72  2  8  144  3300  24  4  832  4  64  7680  192  288  2  2640  192  8  2  2  10000  320  4  1140  380  60  2  2  2  96  2  1  1  1224  136  40  2240  2  4  42  8  8  102  0 |
80 | 0  9  456  1  2  39  1  225  1  2  26600  1  4  2  4560  4  3  1  24  1  60  6  1  3240  95760  1  4  24  3120  100  6  6120  109440  1  6120  1140  2  1  1  48  2  2  12  20  5130  2850  4  240  3420  780  480  1  4860  7  2  1  3  1  8  2  4  1  8  1  8  29640  2  7  2  11020  1  1  2  1  30  2  28  25  6  1900  400  8  28  12  1  2  1  16  20  1377  40  1  102  1  190  1  76  5  0 |
81 | 0  3  396  4  1  9  2  825  6  1  2880  1  4  1  1  17920  30  330  315  176  2  198  14  69552  44  2240  6  1248  88  1  42  80910  522  33  14  1566  2610  1  42  3  1320  6  1  1568  2  6  168  528  6  1  33  1  66  1  25704  1  1  2496  22  113390  2  1890  88  1  132  22  14  3  21168  5220  2520  6  3584  336  240  2  88  2  5760  6  320  44  98  4050  2  1  54  2640  140  4  70  2  12  12  1  4  24  5  0 |
82 | 0  1  20  6  1224  1  1  3  408  8  64  1  1  24  2  160  1  2  27  2  86020  3  1  1  1  5  2  1274  4784  1564  1  84  1  1  3910  1  4  18  1  1  1  4998  6440  181890  4  1  12  96  1380  8  16779  8  3128  644  1  4  6  728  4  966  84  1  9315  1  4  2  4  140  3  12  2  21114  2  1  210  2  14960  20  6  2  560  1  28  714  6  3276  1  1  12  1  2  1  2  5  14  320  4  612  0 |
83 | 0  54  80  1152  2  4  1  240  2  8  96  2  1  4  2  40  20  1  144  2  2  16800  4  4  4  61250  4500  8  6  150  2  4000  4  8  65280  8  4  4  200  6  4  26880  2  140  24  60  8  2  12  8  10  36000  150  2  1600  8  48  2  8  22464  4  8  4  208  4  5400  4  5600  6  2  1650  2  4  9600  4224  8  4  2  224  4  4  48  2  2  96  28  8  40  8960  432  1  160  96  2  2  1  96  80  0 |
84 | 0  195  10  585  2  1690  975  195  2  12  585  1  1  6  48  9450  1  6  4680  4  1  9  1  6  3  1  4  108  1  143  156  9  546  18144  6  588  78  44770  201780  1  19140  2  364  1  4224  14  4  8316  2  6  1980  1  84  924  14  325  9  18  1  156  4  26  5940  910  4  2  2  364  1  756  3  6  882  1  3  2  8  47250  182  48  840  52  2352  4  104  1092  1260  2  1  1  12  1  1  147  84  1  16  5  0 |
85 | 0  78  120  42  162  2  1  1078  1  1  3  24  4950  36  1  4  78144  2  308  88  12  72  4  144  2  9324  26936  24  126  33  29008  222  6  1  444  12  1  4  2  2200  2  2  265188  1722  148  37  8  144  3330  1295  11  2  36  1036  2  17094  6  2886  67200  518  2220  148  1008  1  176  24  8  1  162  12  1  1848  2  308  6  2  2  1  10  144  2  352  1  8  72  24  770  1  280  1  240  12  4  10  14  3  1  15  0 |
86 | 0  1  4  126  2  780  108  1  4  12  4  1  324  1  1  144  1  120  12  4  14560  1  36  1890  2  38025  12  24  1  24  18  2  2  48  2  1  1540  12  9126  896  12  24  294  1365  4  12  4368  309166  12  6  6  36  3510  28080  28  6  9360  42  6  4  1520  14  12  12  24  336  196  60  18  108  18  1  96  2  108  72  2  1  624  12  6  1  5824  48  24  1014  1  1  1  504  2  1  18  2340  14  8  2  10  0 |
87 | 0  168  1  98  126  1320  63  14  9  84  18  140  2772  6  9  3  11136  1  24  264  1  6  18  84  3  3  36  19140  57120  6  3  126  14  3  696  17136  6  3  87  10880  3  24  462  3  6120  6  7344  6  28  201684  14  3  261  6  44  3  3  32640  3  6  42  88  580  1044  6  12672  6  2784  792  66  1008  3  6  9  84  6  1  2205  15  6  9  1  1  9  1  224  1  96  6  196  1  12  72  5  1  6  24  1  0 |
88 | 0  9  30  2  252  1  126  7  42  1  1  21  4  84  1  2  2640  4  2  4  4  9  84  462  2  2  792  4  1620  1  4  2  1  3300  2  44  77112  1496  15  544  2  880  2  1  1870  1904  4  660  14  210  7  1  4  1  28  21  462  1  1620  99  10200  11  60  14  2970  1815  60  165  630  1  1  2970  420  1  2  2835  8  70  5  8  1  3  1  24  19404  28  3  825  210  1  6  1  24  1  21  1  1  45  0 |
89 | 0  2  2  12  2  2  54  1  1  2  6  5  1  1  15  48  1  1  1  3  10  18  7  1  16  3  2  2160  64  15660  1  1  74240  1  2  1  144  1450  783  144  240  2  2  1512  2  2  192  1  2  1  1  2  7308  1  32  3480  24  1  1  6  2  2  96  1  32  2  2  6  192  2  25200  1  2  24  2160  2  21  2  5  48  5400  1870  3  1  2  3  8  30  1  1  1  4200  1  2  21  1  1  10  0 |
90 | 0  6  90  2  36  1  2  1  8  7776  12  1  1  6  4  1  60  1  90  1  1760  1  2  144  1  1  1  16  35  1  24  1  504  16  2  64  1  1  3  1  2  2  24  1  4  3  4  1  22800  1  228  112  11856  1064  1  2  1  1  8550  48  1368  2997  2  8  48  2  4  3  1596  342  1  1  2  1  1  10  8512  120  24  2  648  1  1  2  8  1  1  1  1  48  12  693  2  1  14  1  120  1  0 |
91 | 0  168  1  1  352  6  352  33  33  1  6  19712  512  1  154  56  9  84  352  42  1  2  42  32200  14  160  28  2  4200  3  66  2  1  2  352  6860  30240  22  1120  560  22  3  28  1960  192  3  1  6  88  12320  1  6  42  7  160  2100  42  21  1  1  42  3360  14  44  11424  2  84  9  6  1  1  2688  2  1344  66  1  1  1  60  140  66  1024  1  540  132  132  1  220  120  1  1  21  6  1  1  1  32  2  0 |
92 | 0  2  2  24  2  2  1  4  56  14  1  99  28  144  7  216  1  2  12  360  1  126  2  621  7  18  252  84  126  14  2  567  4  1  2  1  8  54  9  46956  162  252  315  45  14  1  1  1  16254  301  46  36  2  14  7  180  12348  135  368  1  8  27  4  2  108  8  2  1  2  1518  207  63  2  4347  1  8  924  90  1  1  21  1  28  1  1008  2  6  540  252  378  672  1  12  2  2  1  2  75  0 |
93 | 0  12  6  432  2  16  4  8  40  2  4  2  1  10  2  2  4  32  4  2  3000  1  8  1  1  1  16  1  192  2  1  12  18432  6  576  288  40  1  4  6  16  12  80640  1680  480  2400  24  16  2  576  4  2  72  5760  20  2  12  1080  2  11232  60  1  8  2  80  4  4  900  1  720  2  4  2160  144  4  1380  4  40  72  1  16  4  2  2  64  4  2  8  780  54  20  1  4  1  864  132  24  25  0 |
94 | 0  3  1  4  1  5  12  1  1  6  1  4  1  2  1  2  7200  585  2  8  2  2  1  540  2  4  1  16  1  450  1  12  1  4  1  2  1  4  1  1  1650  3  1  2  240  1125  20  1  22560  1  2  1  3680  1  2  1125  3  1  6  1  150  2  2100  1  4  24  1  2  3000  45  1  2  1  4  3600  2  240  2  10  2520  1  360  1  12  336  1  90  1  2  12  1  15  1  1  2  1  160  5  0 |
95 | 0  1  8  1  1  1  12  28  4  4  4  4  1  1  168  2  24  612  4  1  288  432  18  2  2016  1  16  864  4  17400  8  2  1  240  8  96  4  12  6  4  4  2  16  768  2  4  8  4  1900  2  4  12  4  1  4  700  225  2  2  450  250  2  4  4  32  840  16  48  6  2  180  9  1  4  1344  4  96  144  8  96  2  2  2  2  20  4  2  1056  2  16  72  2  12  81  1  1  24  4  0 |
96 | 0  1  1  1  24  30  18  3  1  1  360  3  72  6  10080  36  9  1  1  48  6  9  3  1  450  12  1  18  27  1  2970  180  6  3  12  120  10440  203  12  1  6  54  6  3  1827  30  315  1  1  1  240  3  1  1  1  4  270  3  4872  6  1  12  1  1  18  210  3712  9  36  270  1344  3  270  6  3  12  180  1  1  135  6  180  1  1  252  45  3  12  81  9  6  6  96  1  2  81  6  1  0 |
97 | 0  24  1  12  1  1  20  4  576  8  1  270  2  64  54  1  16  1700  4  1000  36  200  1  300  18  1  160  2  32  180  350  21576  1  1  12  4  290  8  8  16  1  180  144  1  1  12  1  1  1  504  8  32  2784  72  2  1  464  144  8  348  16  4  2  864  1000  50  2  16  108  2320  56  1  1  72  384  2  72  16  1  16  4  85  40  2  1  1  192  8  4  1  1  35  4  8  1  6  1  2  0 |
98 | 0  1  1  90  42  12  1  1  18  432  12  6  1  108  1  1  1  24  42  304  6  1  4  18  1  2  216  1  1  18  1  12  12  2  5610  32  66  1  1  108  2  12  36  1  24  36  1  60  54  1040  12  7425  6  6  30  3  1  18  224  6  891  24  264  6  32  990  64  1  2  18  1  1  36  30  1  720  6  1  1  36  120  1  1  840  12  12  6  12  1  1  1  2  1  150  1  1  1  4  0 |
99 | 0  0  0  0  0  0  0  0  0  0  0  0  0  0  0  0  0  0  0  0  0  0  0  0  0  0  0  0  0  0  0  0  0  0  0  0  0  0  0  0  0  0  0  0  0  0  0  0  0  0  0  0  0  0  0  0  0  0  0  0  0  0  0  0  0  0  0  0  0  0  0  0  0  0  0  0  0  0  0  0  0  0  0  0  0  0  0  0  0  0  0  0  0  0  0  0  0  0  0 |
.  +---------------------------------------------------------------------------------------------------------------------------------------------------------------------------------------------------------------------------------------------------------------------------------------------------------+
